vowels f1 f2 f3 f4 f2'
2 415 1695 2551 3624
9 552 1687 2696 3824
A 793 1553 2870 4147
an 333 840 1664 3289
e 398 2540 3211 4117
ei 612 2248 2993 4018
en 580 1338 3346 4081
i 348 2689 3683 4738
o 401 819 2658 3766
on 380 1359 3107 4064
oo 511 1391 2676 3679
u 282 636 2467 3676
y 321 2064 2465 3588
2 408 1705 2676 3919
9 614 1812 2782 4010
A 843 1443 3031 3995
an 477 807 2204 3462
e 443 2470 3396 4245
ei 620 2416 3142 4267
en 610 1152 2255 3533
i 258 2456 3676 4724
o 441 826 2989 4065
on 299 1021 2373 3669
oo 569 1105 3028 3993
u 277 736 2581 4101
y 256 2069 2414 3625
2 427 1772 3022 3932
9 592 1915 3138 4051
A 819 1811 3108 4135
an 348 958 2097 2785
e 451 2561 3279 3934
ei 608 2236 3222 4120
en 705 1340 2197 3716
i 292 2655 3700 4240
o 454 1006 3122 4192
on 306 1102 2073 3134
oo 653 1357 3169 4104
u 323 842 2858 3978
y 264 2157 2610 3735
2 417 1667 2786 3853
9 580 1830 2918 3917
A 844 1436 2917 3871
an 451 859 2896 3432
e 451 2602 3287 4123
ei 466 2498 3222 4063
en 586 1216 3445 5040
i 357 2750 3846 4463
o 436 968 3096 4193
on 410 696 2379 3374
oo 428 1027 2960 3741
u 298 756 2945 4336
y 281 2270 2458 3769
