vowels f1 f2 f3 f4 f2'
2 415 1695 2551 3624
9 552 1687 2696 3824
A 793 1553 2870 4147
an 333 840 1664 3289
e 398 2540 3211 4117
ei 612 2248 2993 4018
en 580 1338 3346 4081
i 348 2689 3683 4738
o 401 819 2658 3766
on 380 1359 3107 4064
oo 511 1391 2676 3679
u 282 636 2467 3676
y 321 2064 2465 3588
2 392 1388 2523 3983
9 577 1519 2631 3977
A 740 1483 2769 4082
an 523 849 1695 3483
e 417 2179 3018 4032
ei 618 2038 2818 4131
en 467 1168 1774 3519
i 265 2166 3572 4275
o 467 908 2845 4037
on 370 1969 3409 4732
oo 473 978 2669 4123
u 275 814 2463 3979
y 260 2011 2444 3728
2 497 1894 3020 4197
9 743 1975 3238 4326
A 914 1671 3207 4249
an 498 1090 1674 4093
e 467 2639 3465 4340
ei 747 2336 3372 4547
en 481 1217 1808 3924
i 322 2787 3787 4485
o 483 1003 3089 4244
on 388 964 2240 4284
oo 769 1361 3259 4303
u 307 785 2243 3292
y 300 2281 2789 3867
