vowels f1 f2 f3 f4 f2'
2 440 1597 2806 3763
9 625 1753 2923 3895
A 939 1677 2853 4133
an 509 987 3777 NaN
e 427 2540 3304 4158
ei 621 2286 3020 4219
en 530 1366 3408 3921
i 253 2558 3681 4423
o 433 964 2946 3834
on 457 964 2339 3430
oo 641 1287 2940 3895
u 317 783 2780 3840
y 262 2334 2707 3729
2 481 1735 2736 4065
9 718 1845 2963 4130
A 887 1319 3069 4200
an 834 1848 3532 4558
e 440 2572 3398 4273
ei 718 2374 3201 4236
en 789 1568 3594 4946
i 285 2446 3857 4819
o 502 1085 2809 3835
on 344 1367 2244 3294
oo 684 1373 2984 3944
u 305 936 2335 3144
y 263 2298 2697 3853
2 414 1912 2713 3862
9 648 1824 2894 4191
A 917 1562 2997 4405
an 459 867 2006 3553
e 450 2573 3320 4278
ei 632 2280 3067 4224
en 560 1270 3468 5065
i 282 2583 3806 4418
o 424 911 2830 4044
on 370 1267 2202 3528
oo 688 1263 3001 4112
u 284 591 2383 3865
y 355 2418 2638 3720
2 415 1695 2551 3624
9 552 1687 2696 3824
A 793 1553 2870 4147
an 333 840 1664 3289
e 398 2540 3211 4117
ei 612 2248 2993 4018
en 580 1338 3346 4081
i 348 2689 3683 4738
o 401 819 2658 3766
on 380 1359 3107 4064
oo 511 1391 2676 3679
u 282 636 2467 3676
y 321 2064 2465 3588
2 392 1388 2523 3983
9 577 1519 2631 3977
A 740 1483 2769 4082
an 523 849 1695 3483
e 417 2179 3018 4032
ei 618 2038 2818 4131
en 467 1168 1774 3519
i 265 2166 3572 4275
o 467 908 2845 4037
on 370 1969 3409 4732
oo 473 978 2669 4123
u 275 814 2463 3979
y 260 2011 2444 3728
2 497 1894 3020 4197
9 743 1975 3238 4326
A 914 1671 3207 4249
an 498 1090 1674 4093
e 467 2639 3465 4340
ei 747 2336 3372 4547
en 481 1217 1808 3924
i 322 2787 3787 4485
o 483 1003 3089 4244
on 388 964 2240 4284
oo 769 1361 3259 4303
u 307 785 2243 3292
y 300 2281 2789 3867
2 408 1705 2676 3919
9 614 1812 2782 4010
A 843 1443 3031 3995
an 477 807 2204 3462
e 443 2470 3396 4245
ei 620 2416 3142 4267
en 610 1152 2255 3533
i 258 2456 3676 4724
o 441 826 2989 4065
on 299 1021 2373 3669
oo 569 1105 3028 3993
u 277 736 2581 4101
y 256 2069 2414 3625
