vowels f1 f2 f3 f4 f2'
2 427 1772 3022 3932
9 592 1915 3138 4051
A 819 1811 3108 4135
an 348 958 2097 2785
e 451 2561 3279 3934
ei 608 2236 3222 4120
en 705 1340 2197 3716
i 292 2655 3700 4240
o 454 1006 3122 4192
on 306 1102 2073 3134
oo 653 1357 3169 4104
u 323 842 2858 3978
y 264 2157 2610 3735
2 417 1667 2786 3853
9 580 1830 2918 3917
A 844 1436 2917 3871
an 451 859 2896 3432
e 451 2602 3287 4123
ei 466 2498 3222 4063
en 586 1216 3445 5040
i 357 2750 3846 4463
o 436 968 3096 4193
on 410 696 2379 3374
oo 428 1027 2960 3741
u 298 756 2945 4336
y 281 2270 2458 3769
2 377 1638 3062 4278
9 729 1797 3105 4360
A 1001 1405 3145 4228
an 813 813 2162 3923
e 332 2897 3657 4871
ei 815 2656 3484 5183
en 782 1475 3752 4250
i 290 1679 3029 4146
o 372 853 3326 4323
on 404 1373 2308 4078
oo 796 1298 3272 4466
u 306 739 2722 3626
y 311 2237 3060 4136
