vowels f1 f2 f3 f4 f2'
2 414 1912 2713 3862
9 648 1824 2894 4191
A 917 1562 2997 4405
an 459 867 2006 3553
e 450 2573 3320 4278
ei 632 2280 3067 4224
en 560 1270 3468 5065
i 282 2583 3806 4418
o 424 911 2830 4044
on 370 1267 2202 3528
oo 688 1263 3001 4112
u 284 591 2383 3865
y 355 2418 2638 3720
2 415 1695 2551 3624
9 552 1687 2696 3824
A 793 1553 2870 4147
an 333 840 1664 3289
e 398 2540 3211 4117
ei 612 2248 2993 4018
en 580 1338 3346 4081
i 348 2689 3683 4738
o 401 819 2658 3766
on 380 1359 3107 4064
oo 511 1391 2676 3679
u 282 636 2467 3676
y 321 2064 2465 3588
